Proj: 99
Zone: 0
North: 460000.00000000000000000000000000000000000000000000000000
South: -660000.00000000000000000000000000000000000000000000000000
East: 610000.00000000000000000000000000000000000000000000000000
West: -410000.00000000000000000000000000000000000000000000000000
Top: 2500.00000000000090949470177292823791503906250000000000
Bottom: -100.00000000000000000000000000000000000000000000000000
nofRows: 560
nofCols: 510
nofDepths: 3
n-s resol: 2000.00000000000000000000000000000000000000000000000000
e-w resol: 2000.00000000000000000000000000000000000000000000000000
t-b resol: 866.66666666666696983156725764274597167968750000000000
TileDimensionX: 47
TileDimensionY: 51
TileDimensionZ: 3
CellType: float
useCompression: 1
useRle: 0
useLzw: 0
Precision: -1
nofHeaderBytes: 16
useXdr: 0
hasIndex: 1
Units: none
VerticalUnits: 0
Version: 2
