proj:       99
zone:       0
north:      460000
south:      -660000
east:       610000
west:       -410000
cols:       510
rows:       560
e-w resol:  2000
n-s resol:  2000
top:        2500.000000000000000
bottom:     -100.000000000000000
cols3:      510
rows3:      560
depths:     3
e-w resol3: 2000
n-s resol3: 2000
t-b resol:  866.666666666667
