name: Albers Equal Area
datum: nad83
dx: 0.000000
dy: 0.000000
dz: 0.000000
proj: aea
ellps: grs80
a: 6378137.0000000000
es: 0.0066943800
f: 298.2572221010
lat_0: 0.0000000000
lat_1: 34.0000000000
lat_2: 40.5000000000
lon_0: -120.0000000000
x_0: 0.0000000000
y_0: -4000000.0000000000
